name: pad2025
channels:
  - defaults
dependencies:
  - blas=1.0
  - bottleneck=1.4.2
  - bzip2=1.0.8
  - ca-certificates=2025.9.9
  - expat=2.7.1
  - intel-openmp=2025.0.0
  - libffi=3.4.4
  - libzlib=1.3.1
  - mkl=2025.0.0
  - mkl-service=2.5.2
  - mkl_fft=2.1.1
  - mkl_random=1.3.0
  - numexpr=2.11.0
  - numpy=2.3.3
  - numpy-base=2.3.3
  - openssl=3.0.18
  - pandas=2.3.3
  - pip=25.2
  - python=3.12.4
  - python-dateutil=2.9.0post0
  - python-tzdata=2025.2
  - pytz=2025.2
  - setuptools=80.9.0
  - six=1.17.0
  - sqlite=3.50.2
  - tbb=2022.0.0
  - tbb-devel=2022.0.0
  - tk=8.6.15
  - tzdata=2025b
  - ucrt=10.0.22621.0
  - vc=14.3
  - vc14_runtime=14.44.35208
  - vs2015_runtime=14.44.35208
  - wheel=0.45.1
  - xz=5.6.4
  - zlib=1.3.1
prefix: C:\Users\micha\Anaconda\envs\pad2025
